10
0 81 62 41 11 89 95 63 52 48 
81 0 33 27 22 79 59 73 29 55 
62 33 0 65 45 86 35 52 9 45 
41 27 65 0 14 80 45 19 32 99 
11 22 45 14 0 35 54 31 59 72 
89 79 86 80 35 0 31 3 39 87 
95 59 35 45 54 31 0 82 11 4 
63 73 52 19 31 3 82 0 55 25 
52 29 9 32 59 39 11 55 0 20 
48 55 45 99 72 87 4 25 20 0 
