20
0 39 53 29 32 18 15 64 31 59 21 43 44 98 21 40 37 4 82 83 
39 0 4 64 0 84 81 19 84 63 16 65 13 29 45 24 93 92 60 32 
53 4 0 54 70 87 80 88 19 4 61 91 53 90 96 2 53 67 23 92 
29 64 54 0 29 54 45 81 20 50 86 37 43 75 60 44 26 95 15 96 
32 0 70 29 0 66 26 80 11 26 95 45 82 60 30 13 60 80 86 31 
18 84 87 54 66 0 6 20 44 28 99 47 2 91 79 36 67 42 33 54 
15 81 80 45 26 6 0 0 47 26 98 68 32 6 77 57 7 33 77 34 
64 19 88 81 80 20 0 0 5 3 67 30 87 37 67 34 65 84 99 96 
31 84 19 20 11 44 47 5 0 59 96 77 92 29 10 9 15 67 79 92 
59 63 4 50 26 28 26 3 59 0 80 6 61 3 47 71 49 11 42 69 
21 16 61 86 95 99 98 67 96 80 0 59 78 30 37 17 44 30 79 91 
43 65 91 37 45 47 68 30 77 6 59 0 85 66 99 68 90 63 87 10 
44 13 53 43 82 2 32 87 92 61 78 85 0 98 89 20 16 54 75 44 
98 29 90 75 60 91 6 37 29 3 30 66 98 0 13 25 52 56 17 96 
21 45 96 60 30 79 77 67 10 47 37 99 89 13 0 89 26 60 38 10 
40 24 2 44 13 36 57 34 9 71 17 68 20 25 89 0 58 99 68 2 
37 93 53 26 60 67 7 65 15 49 44 90 16 52 26 58 0 53 56 8 
4 92 67 95 80 42 33 84 67 11 30 63 54 56 60 99 53 0 82 51 
82 60 23 15 86 33 77 99 79 42 79 87 75 17 38 68 56 82 0 6 
83 32 92 96 31 54 34 96 92 69 91 10 44 96 10 2 8 51 6 0 
