10
0 7 99 76 58 86 22 37 66 54 
7 0 94 54 56 23 55 5 15 80 
99 94 0 2 41 16 92 54 33 61 
76 54 2 0 75 70 80 57 82 22 
58 56 41 75 0 60 65 92 84 48 
86 23 16 70 60 0 81 13 74 46 
22 55 92 80 65 81 0 7 63 42 
37 5 54 57 92 13 7 0 86 1 
66 15 33 82 84 74 63 86 0 19 
54 80 61 22 48 46 42 1 19 0 
