20
0 34 30 75 38 23 53 12 66 19 44 86 22 13 37 27 38 40 44 37 
34 0 13 73 55 88 13 42 10 80 62 37 41 5 68 55 9 8 88 44 
30 13 0 90 87 24 49 52 76 39 2 66 98 91 2 20 2 71 12 73 
75 73 90 0 10 21 36 23 76 65 87 7 90 64 51 6 45 11 71 99 
38 55 87 10 0 60 4 96 28 91 55 46 35 69 4 50 76 80 9 44 
23 88 24 21 60 0 8 4 70 44 42 15 8 9 36 68 90 27 78 30 
53 13 49 36 4 8 0 76 44 46 60 47 23 95 15 11 84 95 96 91 
12 42 52 23 96 4 76 0 7 97 56 54 95 53 2 3 99 83 41 28 
66 10 76 76 28 70 44 7 0 37 62 79 77 63 53 58 83 96 84 94 
19 80 39 65 91 44 46 97 37 0 80 19 30 72 32 50 16 57 42 66 
44 62 2 87 55 42 60 56 62 80 0 14 82 19 99 22 93 5 57 37 
86 37 66 7 46 15 47 54 79 19 14 0 26 49 62 86 48 29 87 14 
22 41 98 90 35 8 23 95 77 30 82 26 0 67 76 13 86 86 11 7 
13 5 91 64 69 9 95 53 63 72 19 49 67 0 16 93 61 96 25 71 
37 68 2 51 4 36 15 2 53 32 99 62 76 16 0 25 91 60 18 0 
27 55 20 6 50 68 11 3 58 50 22 86 13 93 25 0 60 88 32 66 
38 9 2 45 76 90 84 99 83 16 93 48 86 61 91 60 0 5 88 5 
40 8 71 11 80 27 95 83 96 57 5 29 86 96 60 88 5 0 50 29 
44 88 12 71 9 78 96 41 84 42 57 87 11 25 18 32 88 50 0 16 
37 44 73 99 44 30 91 28 94 66 37 14 7 71 0 66 5 29 16 0 
