30
0 34 47 47 94 77 29 22 90 47 49 47 22 52 17 44 47 47 94 89 93 87 46 19 7 0 23 18 76 71 
34 0 94 18 95 65 17 93 79 91 36 44 89 95 32 60 42 78 31 79 6 74 29 13 99 91 72 93 68 35 
47 94 0 66 48 53 26 35 14 0 68 86 68 78 14 50 39 76 73 34 4 90 11 93 59 61 30 0 53 2 
47 18 66 0 83 26 57 70 36 27 19 33 19 82 31 59 19 12 33 37 92 25 6 39 59 10 35 58 12 2 
94 95 48 83 0 97 17 25 19 77 33 60 0 40 14 36 36 88 38 28 70 63 97 74 44 53 27 96 75 30 
77 65 53 26 97 0 97 54 69 57 74 96 46 72 78 65 9 45 34 77 43 98 11 31 94 77 98 0 51 18 
29 17 26 57 17 97 0 73 5 90 27 43 63 64 75 62 30 55 54 26 79 54 77 55 83 87 57 40 22 22 
22 93 35 70 25 54 73 0 59 54 41 89 32 67 40 98 82 72 63 42 63 55 84 58 4 51 38 12 59 42 
90 79 14 36 19 69 5 59 0 94 89 64 97 35 2 30 22 12 89 94 26 53 4 7 99 82 26 81 29 70 
47 91 0 27 77 57 90 54 94 0 3 49 34 24 91 14 76 76 31 39 82 60 83 72 71 33 39 91 98 2 
49 36 68 19 33 74 27 41 89 3 0 25 76 44 65 69 56 13 10 47 51 57 56 18 61 91 86 22 17 4 
47 44 86 33 60 96 43 89 64 49 25 0 43 77 66 54 34 88 18 41 5 93 31 75 89 81 97 92 64 54 
22 89 68 19 0 46 63 32 97 34 76 43 0 98 92 7 82 30 60 91 47 32 12 94 40 97 8 98 2 64 
52 95 78 82 40 72 64 67 35 24 44 77 98 0 14 63 77 62 13 3 42 32 37 60 9 20 33 33 72 85 
17 32 14 31 14 78 75 40 2 91 65 66 92 14 0 66 45 10 20 41 21 94 52 76 29 92 77 19 83 74 
44 60 50 59 36 65 62 98 30 14 69 54 7 63 66 0 29 95 27 77 15 72 19 95 66 55 87 29 10 55 
47 42 39 19 36 9 30 82 22 76 56 34 82 77 45 29 0 18 95 50 98 5 15 49 96 84 35 27 79 30 
47 78 76 12 88 45 55 72 12 76 13 88 30 62 10 95 18 0 94 89 14 76 17 81 51 67 32 62 41 61 
94 31 73 33 38 34 54 63 89 31 10 18 60 13 20 27 95 94 0 96 35 87 87 2 62 31 1 50 95 51 
89 79 34 37 28 77 26 42 94 39 47 41 91 3 41 77 50 89 96 0 10 53 55 66 34 41 80 97 9 62 
93 6 4 92 70 43 79 63 26 82 51 5 47 42 21 15 98 14 35 10 0 71 76 10 94 41 47 6 95 54 
87 74 90 25 63 98 54 55 53 60 57 93 32 32 94 72 5 76 87 53 71 0 17 29 41 68 0 43 19 97 
46 29 11 6 97 11 77 84 4 83 56 31 12 37 52 19 15 17 87 55 76 17 0 13 7 26 90 43 52 73 
19 13 93 39 74 31 55 58 7 72 18 75 94 60 76 95 49 81 2 66 10 29 13 0 36 59 48 13 39 98 
7 99 59 59 44 94 83 4 99 71 61 89 40 9 29 66 96 51 62 34 94 41 7 36 0 67 29 4 30 90 
0 91 61 10 53 77 87 51 82 33 91 81 97 20 92 55 84 67 31 41 41 68 26 59 67 0 66 88 95 73 
23 72 30 35 27 98 57 38 26 39 86 97 8 33 77 87 35 32 1 80 47 0 90 48 29 66 0 32 53 3 
18 93 0 58 96 0 40 12 81 91 22 92 98 33 19 29 27 62 50 97 6 43 43 13 4 88 32 0 58 10 
76 68 53 12 75 51 22 59 29 98 17 64 2 72 83 10 79 41 95 9 95 19 52 39 30 95 53 58 0 6 
71 35 2 2 30 18 22 42 70 2 4 54 64 85 74 55 30 61 51 62 54 97 73 98 90 73 3 10 6 0 
